{
 "cells": [
  {
   "cell_type": "markdown",
   "id": "44a0d71a",
   "metadata": {},
   "source": [
    "#### 重回帰分析\n",
    "複数の説明変数から目的変数を導き出す"
   ]
  },
  {
   "cell_type": "code",
   "execution_count": 1,
   "id": "902fa0a3",
   "metadata": {},
   "outputs": [],
   "source": [
    "import numpy as np\n",
    "import matplotlib.pyplot as plt\n",
    "import pandas as pd\n",
    "\n",
    "from sklearn.linear_model import LinearRegression\n",
    "from sklearn.datasets import load_boston\n",
    "from sklearn.model_selection import train_test_split\n",
    "\n",
    "# 乱数の種を１に\n",
    "np.random.seed(1)\n",
    "\n",
    "# Bostonのデータセットを読み込む\n",
    "boston = load_boston()"
   ]
  },
  {
   "cell_type": "code",
   "execution_count": 3,
   "id": "28ab3909",
   "metadata": {},
   "outputs": [
    {
     "name": "stdout",
     "output_type": "stream",
     "text": [
      ".. _boston_dataset:\n",
      "\n",
      "Boston house prices dataset\n",
      "---------------------------\n",
      "\n",
      "**Data Set Characteristics:**  \n",
      "\n",
      "    :Number of Instances: 506 \n",
      "\n",
      "    :Number of Attributes: 13 numeric/categorical predictive. Median Value (attribute 14) is usually the target.\n",
      "\n",
      "    :Attribute Information (in order):\n",
      "        - CRIM     per capita crime rate by town\n",
      "        - ZN       proportion of residential land zoned for lots over 25,000 sq.ft.\n",
      "        - INDUS    proportion of non-retail business acres per town\n",
      "        - CHAS     Charles River dummy variable (= 1 if tract bounds river; 0 otherwise)\n",
      "        - NOX      nitric oxides concentration (parts per 10 million)\n",
      "        - RM       average number of rooms per dwelling\n",
      "        - AGE      proportion of owner-occupied units built prior to 1940\n",
      "        - DIS      weighted distances to five Boston employment centres\n",
      "        - RAD      index of accessibility to radial highways\n",
      "        - TAX      full-value property-tax rate per $10,000\n",
      "        - PTRATIO  pupil-teacher ratio by town\n",
      "        - B        1000(Bk - 0.63)^2 where Bk is the proportion of blacks by town\n",
      "        - LSTAT    % lower status of the population\n",
      "        - MEDV     Median value of owner-occupied homes in $1000's\n",
      "\n",
      "    :Missing Attribute Values: None\n",
      "\n",
      "    :Creator: Harrison, D. and Rubinfeld, D.L.\n",
      "\n",
      "This is a copy of UCI ML housing dataset.\n",
      "https://archive.ics.uci.edu/ml/machine-learning-databases/housing/\n",
      "\n",
      "\n",
      "This dataset was taken from the StatLib library which is maintained at Carnegie Mellon University.\n",
      "\n",
      "The Boston house-price data of Harrison, D. and Rubinfeld, D.L. 'Hedonic\n",
      "prices and the demand for clean air', J. Environ. Economics & Management,\n",
      "vol.5, 81-102, 1978.   Used in Belsley, Kuh & Welsch, 'Regression diagnostics\n",
      "...', Wiley, 1980.   N.B. Various transformations are used in the table on\n",
      "pages 244-261 of the latter.\n",
      "\n",
      "The Boston house-price data has been used in many machine learning papers that address regression\n",
      "problems.   \n",
      "     \n",
      ".. topic:: References\n",
      "\n",
      "   - Belsley, Kuh & Welsch, 'Regression diagnostics: Identifying Influential Data and Sources of Collinearity', Wiley, 1980. 244-261.\n",
      "   - Quinlan,R. (1993). Combining Instance-Based and Model-Based Learning. In Proceedings on the Tenth International Conference of Machine Learning, 236-243, University of Massachusetts, Amherst. Morgan Kaufmann.\n",
      "\n"
     ]
    }
   ],
   "source": [
    "print(boston.DESCR)"
   ]
  },
  {
   "cell_type": "code",
   "execution_count": 4,
   "id": "e84d20c7",
   "metadata": {},
   "outputs": [
    {
     "data": {
      "text/plain": [
       "dict_keys(['data', 'target', 'feature_names', 'DESCR', 'filename'])"
      ]
     },
     "execution_count": 4,
     "metadata": {},
     "output_type": "execute_result"
    }
   ],
   "source": [
    "boston.keys()"
   ]
  },
  {
   "cell_type": "code",
   "execution_count": 7,
   "id": "5ca12469",
   "metadata": {},
   "outputs": [
    {
     "data": {
      "text/html": [
       "<div>\n",
       "<style scoped>\n",
       "    .dataframe tbody tr th:only-of-type {\n",
       "        vertical-align: middle;\n",
       "    }\n",
       "\n",
       "    .dataframe tbody tr th {\n",
       "        vertical-align: top;\n",
       "    }\n",
       "\n",
       "    .dataframe thead th {\n",
       "        text-align: right;\n",
       "    }\n",
       "</style>\n",
       "<table border=\"1\" class=\"dataframe\">\n",
       "  <thead>\n",
       "    <tr style=\"text-align: right;\">\n",
       "      <th></th>\n",
       "      <th>CRIM</th>\n",
       "      <th>ZN</th>\n",
       "      <th>INDUS</th>\n",
       "      <th>CHAS</th>\n",
       "      <th>NOX</th>\n",
       "      <th>RM</th>\n",
       "      <th>AGE</th>\n",
       "      <th>DIS</th>\n",
       "      <th>RAD</th>\n",
       "      <th>TAX</th>\n",
       "      <th>PTRATIO</th>\n",
       "      <th>B</th>\n",
       "      <th>LSTAT</th>\n",
       "      <th>MEDV</th>\n",
       "    </tr>\n",
       "  </thead>\n",
       "  <tbody>\n",
       "    <tr>\n",
       "      <th>0</th>\n",
       "      <td>0.00632</td>\n",
       "      <td>18.0</td>\n",
       "      <td>2.31</td>\n",
       "      <td>0.0</td>\n",
       "      <td>0.538</td>\n",
       "      <td>6.575</td>\n",
       "      <td>65.2</td>\n",
       "      <td>4.0900</td>\n",
       "      <td>1.0</td>\n",
       "      <td>296.0</td>\n",
       "      <td>15.3</td>\n",
       "      <td>396.90</td>\n",
       "      <td>4.98</td>\n",
       "      <td>24.0</td>\n",
       "    </tr>\n",
       "    <tr>\n",
       "      <th>1</th>\n",
       "      <td>0.02731</td>\n",
       "      <td>0.0</td>\n",
       "      <td>7.07</td>\n",
       "      <td>0.0</td>\n",
       "      <td>0.469</td>\n",
       "      <td>6.421</td>\n",
       "      <td>78.9</td>\n",
       "      <td>4.9671</td>\n",
       "      <td>2.0</td>\n",
       "      <td>242.0</td>\n",
       "      <td>17.8</td>\n",
       "      <td>396.90</td>\n",
       "      <td>9.14</td>\n",
       "      <td>21.6</td>\n",
       "    </tr>\n",
       "    <tr>\n",
       "      <th>2</th>\n",
       "      <td>0.02729</td>\n",
       "      <td>0.0</td>\n",
       "      <td>7.07</td>\n",
       "      <td>0.0</td>\n",
       "      <td>0.469</td>\n",
       "      <td>7.185</td>\n",
       "      <td>61.1</td>\n",
       "      <td>4.9671</td>\n",
       "      <td>2.0</td>\n",
       "      <td>242.0</td>\n",
       "      <td>17.8</td>\n",
       "      <td>392.83</td>\n",
       "      <td>4.03</td>\n",
       "      <td>34.7</td>\n",
       "    </tr>\n",
       "    <tr>\n",
       "      <th>3</th>\n",
       "      <td>0.03237</td>\n",
       "      <td>0.0</td>\n",
       "      <td>2.18</td>\n",
       "      <td>0.0</td>\n",
       "      <td>0.458</td>\n",
       "      <td>6.998</td>\n",
       "      <td>45.8</td>\n",
       "      <td>6.0622</td>\n",
       "      <td>3.0</td>\n",
       "      <td>222.0</td>\n",
       "      <td>18.7</td>\n",
       "      <td>394.63</td>\n",
       "      <td>2.94</td>\n",
       "      <td>33.4</td>\n",
       "    </tr>\n",
       "    <tr>\n",
       "      <th>4</th>\n",
       "      <td>0.06905</td>\n",
       "      <td>0.0</td>\n",
       "      <td>2.18</td>\n",
       "      <td>0.0</td>\n",
       "      <td>0.458</td>\n",
       "      <td>7.147</td>\n",
       "      <td>54.2</td>\n",
       "      <td>6.0622</td>\n",
       "      <td>3.0</td>\n",
       "      <td>222.0</td>\n",
       "      <td>18.7</td>\n",
       "      <td>396.90</td>\n",
       "      <td>5.33</td>\n",
       "      <td>36.2</td>\n",
       "    </tr>\n",
       "  </tbody>\n",
       "</table>\n",
       "</div>"
      ],
      "text/plain": [
       "      CRIM    ZN  INDUS  CHAS    NOX     RM   AGE     DIS  RAD    TAX  \\\n",
       "0  0.00632  18.0   2.31   0.0  0.538  6.575  65.2  4.0900  1.0  296.0   \n",
       "1  0.02731   0.0   7.07   0.0  0.469  6.421  78.9  4.9671  2.0  242.0   \n",
       "2  0.02729   0.0   7.07   0.0  0.469  7.185  61.1  4.9671  2.0  242.0   \n",
       "3  0.03237   0.0   2.18   0.0  0.458  6.998  45.8  6.0622  3.0  222.0   \n",
       "4  0.06905   0.0   2.18   0.0  0.458  7.147  54.2  6.0622  3.0  222.0   \n",
       "\n",
       "   PTRATIO       B  LSTAT  MEDV  \n",
       "0     15.3  396.90   4.98  24.0  \n",
       "1     17.8  396.90   9.14  21.6  \n",
       "2     17.8  392.83   4.03  34.7  \n",
       "3     18.7  394.63   2.94  33.4  \n",
       "4     18.7  396.90   5.33  36.2  "
      ]
     },
     "execution_count": 7,
     "metadata": {},
     "output_type": "execute_result"
    }
   ],
   "source": [
    "# BostonのデータセットをDataFrameに保存\n",
    "boston_df = pd.DataFrame(boston.data, columns=boston.feature_names)\n",
    "boston_df[\"MEDV\"] = boston.target\n",
    "\n",
    "# データの戦闘５行を表示\n",
    "boston_df.head()"
   ]
  },
  {
   "cell_type": "code",
   "execution_count": 8,
   "id": "5e48a996",
   "metadata": {},
   "outputs": [
    {
     "data": {
      "text/html": [
       "<div>\n",
       "<style scoped>\n",
       "    .dataframe tbody tr th:only-of-type {\n",
       "        vertical-align: middle;\n",
       "    }\n",
       "\n",
       "    .dataframe tbody tr th {\n",
       "        vertical-align: top;\n",
       "    }\n",
       "\n",
       "    .dataframe thead th {\n",
       "        text-align: right;\n",
       "    }\n",
       "</style>\n",
       "<table border=\"1\" class=\"dataframe\">\n",
       "  <thead>\n",
       "    <tr style=\"text-align: right;\">\n",
       "      <th></th>\n",
       "      <th>CRIM</th>\n",
       "      <th>ZN</th>\n",
       "      <th>INDUS</th>\n",
       "      <th>CHAS</th>\n",
       "      <th>NOX</th>\n",
       "      <th>RM</th>\n",
       "      <th>AGE</th>\n",
       "      <th>DIS</th>\n",
       "      <th>RAD</th>\n",
       "      <th>TAX</th>\n",
       "      <th>PTRATIO</th>\n",
       "      <th>B</th>\n",
       "      <th>LSTAT</th>\n",
       "      <th>MEDV</th>\n",
       "    </tr>\n",
       "  </thead>\n",
       "  <tbody>\n",
       "    <tr>\n",
       "      <th>CRIM</th>\n",
       "      <td>1.000000</td>\n",
       "      <td>-0.200469</td>\n",
       "      <td>0.406583</td>\n",
       "      <td>-0.055892</td>\n",
       "      <td>0.420972</td>\n",
       "      <td>-0.219247</td>\n",
       "      <td>0.352734</td>\n",
       "      <td>-0.379670</td>\n",
       "      <td>0.625505</td>\n",
       "      <td>0.582764</td>\n",
       "      <td>0.289946</td>\n",
       "      <td>-0.385064</td>\n",
       "      <td>0.455621</td>\n",
       "      <td>-0.388305</td>\n",
       "    </tr>\n",
       "    <tr>\n",
       "      <th>ZN</th>\n",
       "      <td>-0.200469</td>\n",
       "      <td>1.000000</td>\n",
       "      <td>-0.533828</td>\n",
       "      <td>-0.042697</td>\n",
       "      <td>-0.516604</td>\n",
       "      <td>0.311991</td>\n",
       "      <td>-0.569537</td>\n",
       "      <td>0.664408</td>\n",
       "      <td>-0.311948</td>\n",
       "      <td>-0.314563</td>\n",
       "      <td>-0.391679</td>\n",
       "      <td>0.175520</td>\n",
       "      <td>-0.412995</td>\n",
       "      <td>0.360445</td>\n",
       "    </tr>\n",
       "    <tr>\n",
       "      <th>INDUS</th>\n",
       "      <td>0.406583</td>\n",
       "      <td>-0.533828</td>\n",
       "      <td>1.000000</td>\n",
       "      <td>0.062938</td>\n",
       "      <td>0.763651</td>\n",
       "      <td>-0.391676</td>\n",
       "      <td>0.644779</td>\n",
       "      <td>-0.708027</td>\n",
       "      <td>0.595129</td>\n",
       "      <td>0.720760</td>\n",
       "      <td>0.383248</td>\n",
       "      <td>-0.356977</td>\n",
       "      <td>0.603800</td>\n",
       "      <td>-0.483725</td>\n",
       "    </tr>\n",
       "    <tr>\n",
       "      <th>CHAS</th>\n",
       "      <td>-0.055892</td>\n",
       "      <td>-0.042697</td>\n",
       "      <td>0.062938</td>\n",
       "      <td>1.000000</td>\n",
       "      <td>0.091203</td>\n",
       "      <td>0.091251</td>\n",
       "      <td>0.086518</td>\n",
       "      <td>-0.099176</td>\n",
       "      <td>-0.007368</td>\n",
       "      <td>-0.035587</td>\n",
       "      <td>-0.121515</td>\n",
       "      <td>0.048788</td>\n",
       "      <td>-0.053929</td>\n",
       "      <td>0.175260</td>\n",
       "    </tr>\n",
       "    <tr>\n",
       "      <th>NOX</th>\n",
       "      <td>0.420972</td>\n",
       "      <td>-0.516604</td>\n",
       "      <td>0.763651</td>\n",
       "      <td>0.091203</td>\n",
       "      <td>1.000000</td>\n",
       "      <td>-0.302188</td>\n",
       "      <td>0.731470</td>\n",
       "      <td>-0.769230</td>\n",
       "      <td>0.611441</td>\n",
       "      <td>0.668023</td>\n",
       "      <td>0.188933</td>\n",
       "      <td>-0.380051</td>\n",
       "      <td>0.590879</td>\n",
       "      <td>-0.427321</td>\n",
       "    </tr>\n",
       "    <tr>\n",
       "      <th>RM</th>\n",
       "      <td>-0.219247</td>\n",
       "      <td>0.311991</td>\n",
       "      <td>-0.391676</td>\n",
       "      <td>0.091251</td>\n",
       "      <td>-0.302188</td>\n",
       "      <td>1.000000</td>\n",
       "      <td>-0.240265</td>\n",
       "      <td>0.205246</td>\n",
       "      <td>-0.209847</td>\n",
       "      <td>-0.292048</td>\n",
       "      <td>-0.355501</td>\n",
       "      <td>0.128069</td>\n",
       "      <td>-0.613808</td>\n",
       "      <td>0.695360</td>\n",
       "    </tr>\n",
       "    <tr>\n",
       "      <th>AGE</th>\n",
       "      <td>0.352734</td>\n",
       "      <td>-0.569537</td>\n",
       "      <td>0.644779</td>\n",
       "      <td>0.086518</td>\n",
       "      <td>0.731470</td>\n",
       "      <td>-0.240265</td>\n",
       "      <td>1.000000</td>\n",
       "      <td>-0.747881</td>\n",
       "      <td>0.456022</td>\n",
       "      <td>0.506456</td>\n",
       "      <td>0.261515</td>\n",
       "      <td>-0.273534</td>\n",
       "      <td>0.602339</td>\n",
       "      <td>-0.376955</td>\n",
       "    </tr>\n",
       "    <tr>\n",
       "      <th>DIS</th>\n",
       "      <td>-0.379670</td>\n",
       "      <td>0.664408</td>\n",
       "      <td>-0.708027</td>\n",
       "      <td>-0.099176</td>\n",
       "      <td>-0.769230</td>\n",
       "      <td>0.205246</td>\n",
       "      <td>-0.747881</td>\n",
       "      <td>1.000000</td>\n",
       "      <td>-0.494588</td>\n",
       "      <td>-0.534432</td>\n",
       "      <td>-0.232471</td>\n",
       "      <td>0.291512</td>\n",
       "      <td>-0.496996</td>\n",
       "      <td>0.249929</td>\n",
       "    </tr>\n",
       "    <tr>\n",
       "      <th>RAD</th>\n",
       "      <td>0.625505</td>\n",
       "      <td>-0.311948</td>\n",
       "      <td>0.595129</td>\n",
       "      <td>-0.007368</td>\n",
       "      <td>0.611441</td>\n",
       "      <td>-0.209847</td>\n",
       "      <td>0.456022</td>\n",
       "      <td>-0.494588</td>\n",
       "      <td>1.000000</td>\n",
       "      <td>0.910228</td>\n",
       "      <td>0.464741</td>\n",
       "      <td>-0.444413</td>\n",
       "      <td>0.488676</td>\n",
       "      <td>-0.381626</td>\n",
       "    </tr>\n",
       "    <tr>\n",
       "      <th>TAX</th>\n",
       "      <td>0.582764</td>\n",
       "      <td>-0.314563</td>\n",
       "      <td>0.720760</td>\n",
       "      <td>-0.035587</td>\n",
       "      <td>0.668023</td>\n",
       "      <td>-0.292048</td>\n",
       "      <td>0.506456</td>\n",
       "      <td>-0.534432</td>\n",
       "      <td>0.910228</td>\n",
       "      <td>1.000000</td>\n",
       "      <td>0.460853</td>\n",
       "      <td>-0.441808</td>\n",
       "      <td>0.543993</td>\n",
       "      <td>-0.468536</td>\n",
       "    </tr>\n",
       "    <tr>\n",
       "      <th>PTRATIO</th>\n",
       "      <td>0.289946</td>\n",
       "      <td>-0.391679</td>\n",
       "      <td>0.383248</td>\n",
       "      <td>-0.121515</td>\n",
       "      <td>0.188933</td>\n",
       "      <td>-0.355501</td>\n",
       "      <td>0.261515</td>\n",
       "      <td>-0.232471</td>\n",
       "      <td>0.464741</td>\n",
       "      <td>0.460853</td>\n",
       "      <td>1.000000</td>\n",
       "      <td>-0.177383</td>\n",
       "      <td>0.374044</td>\n",
       "      <td>-0.507787</td>\n",
       "    </tr>\n",
       "    <tr>\n",
       "      <th>B</th>\n",
       "      <td>-0.385064</td>\n",
       "      <td>0.175520</td>\n",
       "      <td>-0.356977</td>\n",
       "      <td>0.048788</td>\n",
       "      <td>-0.380051</td>\n",
       "      <td>0.128069</td>\n",
       "      <td>-0.273534</td>\n",
       "      <td>0.291512</td>\n",
       "      <td>-0.444413</td>\n",
       "      <td>-0.441808</td>\n",
       "      <td>-0.177383</td>\n",
       "      <td>1.000000</td>\n",
       "      <td>-0.366087</td>\n",
       "      <td>0.333461</td>\n",
       "    </tr>\n",
       "    <tr>\n",
       "      <th>LSTAT</th>\n",
       "      <td>0.455621</td>\n",
       "      <td>-0.412995</td>\n",
       "      <td>0.603800</td>\n",
       "      <td>-0.053929</td>\n",
       "      <td>0.590879</td>\n",
       "      <td>-0.613808</td>\n",
       "      <td>0.602339</td>\n",
       "      <td>-0.496996</td>\n",
       "      <td>0.488676</td>\n",
       "      <td>0.543993</td>\n",
       "      <td>0.374044</td>\n",
       "      <td>-0.366087</td>\n",
       "      <td>1.000000</td>\n",
       "      <td>-0.737663</td>\n",
       "    </tr>\n",
       "    <tr>\n",
       "      <th>MEDV</th>\n",
       "      <td>-0.388305</td>\n",
       "      <td>0.360445</td>\n",
       "      <td>-0.483725</td>\n",
       "      <td>0.175260</td>\n",
       "      <td>-0.427321</td>\n",
       "      <td>0.695360</td>\n",
       "      <td>-0.376955</td>\n",
       "      <td>0.249929</td>\n",
       "      <td>-0.381626</td>\n",
       "      <td>-0.468536</td>\n",
       "      <td>-0.507787</td>\n",
       "      <td>0.333461</td>\n",
       "      <td>-0.737663</td>\n",
       "      <td>1.000000</td>\n",
       "    </tr>\n",
       "  </tbody>\n",
       "</table>\n",
       "</div>"
      ],
      "text/plain": [
       "             CRIM        ZN     INDUS      CHAS       NOX        RM       AGE  \\\n",
       "CRIM     1.000000 -0.200469  0.406583 -0.055892  0.420972 -0.219247  0.352734   \n",
       "ZN      -0.200469  1.000000 -0.533828 -0.042697 -0.516604  0.311991 -0.569537   \n",
       "INDUS    0.406583 -0.533828  1.000000  0.062938  0.763651 -0.391676  0.644779   \n",
       "CHAS    -0.055892 -0.042697  0.062938  1.000000  0.091203  0.091251  0.086518   \n",
       "NOX      0.420972 -0.516604  0.763651  0.091203  1.000000 -0.302188  0.731470   \n",
       "RM      -0.219247  0.311991 -0.391676  0.091251 -0.302188  1.000000 -0.240265   \n",
       "AGE      0.352734 -0.569537  0.644779  0.086518  0.731470 -0.240265  1.000000   \n",
       "DIS     -0.379670  0.664408 -0.708027 -0.099176 -0.769230  0.205246 -0.747881   \n",
       "RAD      0.625505 -0.311948  0.595129 -0.007368  0.611441 -0.209847  0.456022   \n",
       "TAX      0.582764 -0.314563  0.720760 -0.035587  0.668023 -0.292048  0.506456   \n",
       "PTRATIO  0.289946 -0.391679  0.383248 -0.121515  0.188933 -0.355501  0.261515   \n",
       "B       -0.385064  0.175520 -0.356977  0.048788 -0.380051  0.128069 -0.273534   \n",
       "LSTAT    0.455621 -0.412995  0.603800 -0.053929  0.590879 -0.613808  0.602339   \n",
       "MEDV    -0.388305  0.360445 -0.483725  0.175260 -0.427321  0.695360 -0.376955   \n",
       "\n",
       "              DIS       RAD       TAX   PTRATIO         B     LSTAT      MEDV  \n",
       "CRIM    -0.379670  0.625505  0.582764  0.289946 -0.385064  0.455621 -0.388305  \n",
       "ZN       0.664408 -0.311948 -0.314563 -0.391679  0.175520 -0.412995  0.360445  \n",
       "INDUS   -0.708027  0.595129  0.720760  0.383248 -0.356977  0.603800 -0.483725  \n",
       "CHAS    -0.099176 -0.007368 -0.035587 -0.121515  0.048788 -0.053929  0.175260  \n",
       "NOX     -0.769230  0.611441  0.668023  0.188933 -0.380051  0.590879 -0.427321  \n",
       "RM       0.205246 -0.209847 -0.292048 -0.355501  0.128069 -0.613808  0.695360  \n",
       "AGE     -0.747881  0.456022  0.506456  0.261515 -0.273534  0.602339 -0.376955  \n",
       "DIS      1.000000 -0.494588 -0.534432 -0.232471  0.291512 -0.496996  0.249929  \n",
       "RAD     -0.494588  1.000000  0.910228  0.464741 -0.444413  0.488676 -0.381626  \n",
       "TAX     -0.534432  0.910228  1.000000  0.460853 -0.441808  0.543993 -0.468536  \n",
       "PTRATIO -0.232471  0.464741  0.460853  1.000000 -0.177383  0.374044 -0.507787  \n",
       "B        0.291512 -0.444413 -0.441808 -0.177383  1.000000 -0.366087  0.333461  \n",
       "LSTAT   -0.496996  0.488676  0.543993  0.374044 -0.366087  1.000000 -0.737663  \n",
       "MEDV     0.249929 -0.381626 -0.468536 -0.507787  0.333461 -0.737663  1.000000  "
      ]
     },
     "execution_count": 8,
     "metadata": {},
     "output_type": "execute_result"
    }
   ],
   "source": [
    "# 各データの相関関係を出力\n",
    "boston_df.corr()"
   ]
  },
  {
   "cell_type": "code",
   "execution_count": 11,
   "id": "c8c6533c",
   "metadata": {},
   "outputs": [
    {
     "data": {
      "text/html": [
       "<div>\n",
       "<style scoped>\n",
       "    .dataframe tbody tr th:only-of-type {\n",
       "        vertical-align: middle;\n",
       "    }\n",
       "\n",
       "    .dataframe tbody tr th {\n",
       "        vertical-align: top;\n",
       "    }\n",
       "\n",
       "    .dataframe thead th {\n",
       "        text-align: right;\n",
       "    }\n",
       "</style>\n",
       "<table border=\"1\" class=\"dataframe\">\n",
       "  <thead>\n",
       "    <tr style=\"text-align: right;\">\n",
       "      <th></th>\n",
       "      <th>CRIM</th>\n",
       "      <th>ZN</th>\n",
       "      <th>INDUS</th>\n",
       "      <th>CHAS</th>\n",
       "      <th>NOX</th>\n",
       "      <th>RM</th>\n",
       "      <th>AGE</th>\n",
       "      <th>DIS</th>\n",
       "      <th>RAD</th>\n",
       "      <th>TAX</th>\n",
       "      <th>PTRATIO</th>\n",
       "      <th>B</th>\n",
       "      <th>LSTAT</th>\n",
       "      <th>MEDV</th>\n",
       "    </tr>\n",
       "  </thead>\n",
       "  <tbody>\n",
       "    <tr>\n",
       "      <th>0</th>\n",
       "      <td>-0.419782</td>\n",
       "      <td>0.284830</td>\n",
       "      <td>-1.287909</td>\n",
       "      <td>-0.272599</td>\n",
       "      <td>-0.144217</td>\n",
       "      <td>0.413672</td>\n",
       "      <td>-0.120013</td>\n",
       "      <td>0.140214</td>\n",
       "      <td>-0.982843</td>\n",
       "      <td>-0.666608</td>\n",
       "      <td>-1.459000</td>\n",
       "      <td>0.441052</td>\n",
       "      <td>-1.075562</td>\n",
       "      <td>24.0</td>\n",
       "    </tr>\n",
       "    <tr>\n",
       "      <th>1</th>\n",
       "      <td>-0.417339</td>\n",
       "      <td>-0.487722</td>\n",
       "      <td>-0.593381</td>\n",
       "      <td>-0.272599</td>\n",
       "      <td>-0.740262</td>\n",
       "      <td>0.194274</td>\n",
       "      <td>0.367166</td>\n",
       "      <td>0.557160</td>\n",
       "      <td>-0.867883</td>\n",
       "      <td>-0.987329</td>\n",
       "      <td>-0.303094</td>\n",
       "      <td>0.441052</td>\n",
       "      <td>-0.492439</td>\n",
       "      <td>21.6</td>\n",
       "    </tr>\n",
       "    <tr>\n",
       "      <th>2</th>\n",
       "      <td>-0.417342</td>\n",
       "      <td>-0.487722</td>\n",
       "      <td>-0.593381</td>\n",
       "      <td>-0.272599</td>\n",
       "      <td>-0.740262</td>\n",
       "      <td>1.282714</td>\n",
       "      <td>-0.265812</td>\n",
       "      <td>0.557160</td>\n",
       "      <td>-0.867883</td>\n",
       "      <td>-0.987329</td>\n",
       "      <td>-0.303094</td>\n",
       "      <td>0.396427</td>\n",
       "      <td>-1.208727</td>\n",
       "      <td>34.7</td>\n",
       "    </tr>\n",
       "    <tr>\n",
       "      <th>3</th>\n",
       "      <td>-0.416750</td>\n",
       "      <td>-0.487722</td>\n",
       "      <td>-1.306878</td>\n",
       "      <td>-0.272599</td>\n",
       "      <td>-0.835284</td>\n",
       "      <td>1.016303</td>\n",
       "      <td>-0.809889</td>\n",
       "      <td>1.077737</td>\n",
       "      <td>-0.752922</td>\n",
       "      <td>-1.106115</td>\n",
       "      <td>0.113032</td>\n",
       "      <td>0.416163</td>\n",
       "      <td>-1.361517</td>\n",
       "      <td>33.4</td>\n",
       "    </tr>\n",
       "    <tr>\n",
       "      <th>4</th>\n",
       "      <td>-0.412482</td>\n",
       "      <td>-0.487722</td>\n",
       "      <td>-1.306878</td>\n",
       "      <td>-0.272599</td>\n",
       "      <td>-0.835284</td>\n",
       "      <td>1.228577</td>\n",
       "      <td>-0.511180</td>\n",
       "      <td>1.077737</td>\n",
       "      <td>-0.752922</td>\n",
       "      <td>-1.106115</td>\n",
       "      <td>0.113032</td>\n",
       "      <td>0.441052</td>\n",
       "      <td>-1.026501</td>\n",
       "      <td>36.2</td>\n",
       "    </tr>\n",
       "  </tbody>\n",
       "</table>\n",
       "</div>"
      ],
      "text/plain": [
       "       CRIM        ZN     INDUS      CHAS       NOX        RM       AGE  \\\n",
       "0 -0.419782  0.284830 -1.287909 -0.272599 -0.144217  0.413672 -0.120013   \n",
       "1 -0.417339 -0.487722 -0.593381 -0.272599 -0.740262  0.194274  0.367166   \n",
       "2 -0.417342 -0.487722 -0.593381 -0.272599 -0.740262  1.282714 -0.265812   \n",
       "3 -0.416750 -0.487722 -1.306878 -0.272599 -0.835284  1.016303 -0.809889   \n",
       "4 -0.412482 -0.487722 -1.306878 -0.272599 -0.835284  1.228577 -0.511180   \n",
       "\n",
       "        DIS       RAD       TAX   PTRATIO         B     LSTAT  MEDV  \n",
       "0  0.140214 -0.982843 -0.666608 -1.459000  0.441052 -1.075562  24.0  \n",
       "1  0.557160 -0.867883 -0.987329 -0.303094  0.441052 -0.492439  21.6  \n",
       "2  0.557160 -0.867883 -0.987329 -0.303094  0.396427 -1.208727  34.7  \n",
       "3  1.077737 -0.752922 -1.106115  0.113032  0.416163 -1.361517  33.4  \n",
       "4  1.077737 -0.752922 -1.106115  0.113032  0.441052 -1.026501  36.2  "
      ]
     },
     "execution_count": 11,
     "metadata": {},
     "output_type": "execute_result"
    }
   ],
   "source": [
    "# 特徴量の標準化\n",
    "from sklearn.preprocessing import StandardScaler\n",
    "\n",
    "# StandardScalerクラスのインスタンスを生成\n",
    "stdsc = StandardScaler()\n",
    "\n",
    "# 説明変数部分のみを標準化（0～12列目）\n",
    "data_std = stdsc.fit_transform(boston_df.iloc[:, 0:13])\n",
    "boston_df_std = pd.DataFrame(data_std, columns=boston.feature_names)\n",
    "boston_df_std[\"MEDV\"] = boston_df[\"MEDV\"]\n",
    "\n",
    "# 標準化したdf2を表示\n",
    "boston_df_std.head()"
   ]
  },
  {
   "cell_type": "code",
   "execution_count": 12,
   "id": "a8bc4381",
   "metadata": {},
   "outputs": [
    {
     "data": {
      "text/html": [
       "<div>\n",
       "<style scoped>\n",
       "    .dataframe tbody tr th:only-of-type {\n",
       "        vertical-align: middle;\n",
       "    }\n",
       "\n",
       "    .dataframe tbody tr th {\n",
       "        vertical-align: top;\n",
       "    }\n",
       "\n",
       "    .dataframe thead th {\n",
       "        text-align: right;\n",
       "    }\n",
       "</style>\n",
       "<table border=\"1\" class=\"dataframe\">\n",
       "  <thead>\n",
       "    <tr style=\"text-align: right;\">\n",
       "      <th></th>\n",
       "      <th>CRIM</th>\n",
       "      <th>ZN</th>\n",
       "      <th>INDUS</th>\n",
       "      <th>CHAS</th>\n",
       "      <th>NOX</th>\n",
       "      <th>RM</th>\n",
       "      <th>AGE</th>\n",
       "      <th>DIS</th>\n",
       "      <th>RAD</th>\n",
       "      <th>TAX</th>\n",
       "      <th>PTRATIO</th>\n",
       "      <th>B</th>\n",
       "      <th>LSTAT</th>\n",
       "      <th>MEDV</th>\n",
       "    </tr>\n",
       "  </thead>\n",
       "  <tbody>\n",
       "    <tr>\n",
       "      <th>count</th>\n",
       "      <td>5.060000e+02</td>\n",
       "      <td>5.060000e+02</td>\n",
       "      <td>5.060000e+02</td>\n",
       "      <td>5.060000e+02</td>\n",
       "      <td>5.060000e+02</td>\n",
       "      <td>5.060000e+02</td>\n",
       "      <td>5.060000e+02</td>\n",
       "      <td>5.060000e+02</td>\n",
       "      <td>5.060000e+02</td>\n",
       "      <td>5.060000e+02</td>\n",
       "      <td>5.060000e+02</td>\n",
       "      <td>5.060000e+02</td>\n",
       "      <td>5.060000e+02</td>\n",
       "      <td>506.000000</td>\n",
       "    </tr>\n",
       "    <tr>\n",
       "      <th>mean</th>\n",
       "      <td>-8.787437e-17</td>\n",
       "      <td>-6.343191e-16</td>\n",
       "      <td>-2.682911e-15</td>\n",
       "      <td>4.701992e-16</td>\n",
       "      <td>2.490322e-15</td>\n",
       "      <td>-1.145230e-14</td>\n",
       "      <td>-1.407855e-15</td>\n",
       "      <td>9.210902e-16</td>\n",
       "      <td>5.441409e-16</td>\n",
       "      <td>-8.868619e-16</td>\n",
       "      <td>-9.205636e-15</td>\n",
       "      <td>8.163101e-15</td>\n",
       "      <td>-3.370163e-16</td>\n",
       "      <td>22.532806</td>\n",
       "    </tr>\n",
       "    <tr>\n",
       "      <th>std</th>\n",
       "      <td>1.000990e+00</td>\n",
       "      <td>1.000990e+00</td>\n",
       "      <td>1.000990e+00</td>\n",
       "      <td>1.000990e+00</td>\n",
       "      <td>1.000990e+00</td>\n",
       "      <td>1.000990e+00</td>\n",
       "      <td>1.000990e+00</td>\n",
       "      <td>1.000990e+00</td>\n",
       "      <td>1.000990e+00</td>\n",
       "      <td>1.000990e+00</td>\n",
       "      <td>1.000990e+00</td>\n",
       "      <td>1.000990e+00</td>\n",
       "      <td>1.000990e+00</td>\n",
       "      <td>9.197104</td>\n",
       "    </tr>\n",
       "    <tr>\n",
       "      <th>min</th>\n",
       "      <td>-4.197819e-01</td>\n",
       "      <td>-4.877224e-01</td>\n",
       "      <td>-1.557842e+00</td>\n",
       "      <td>-2.725986e-01</td>\n",
       "      <td>-1.465882e+00</td>\n",
       "      <td>-3.880249e+00</td>\n",
       "      <td>-2.335437e+00</td>\n",
       "      <td>-1.267069e+00</td>\n",
       "      <td>-9.828429e-01</td>\n",
       "      <td>-1.313990e+00</td>\n",
       "      <td>-2.707379e+00</td>\n",
       "      <td>-3.907193e+00</td>\n",
       "      <td>-1.531127e+00</td>\n",
       "      <td>5.000000</td>\n",
       "    </tr>\n",
       "    <tr>\n",
       "      <th>25%</th>\n",
       "      <td>-4.109696e-01</td>\n",
       "      <td>-4.877224e-01</td>\n",
       "      <td>-8.676906e-01</td>\n",
       "      <td>-2.725986e-01</td>\n",
       "      <td>-9.130288e-01</td>\n",
       "      <td>-5.686303e-01</td>\n",
       "      <td>-8.374480e-01</td>\n",
       "      <td>-8.056878e-01</td>\n",
       "      <td>-6.379618e-01</td>\n",
       "      <td>-7.675760e-01</td>\n",
       "      <td>-4.880391e-01</td>\n",
       "      <td>2.050715e-01</td>\n",
       "      <td>-7.994200e-01</td>\n",
       "      <td>17.025000</td>\n",
       "    </tr>\n",
       "    <tr>\n",
       "      <th>50%</th>\n",
       "      <td>-3.906665e-01</td>\n",
       "      <td>-4.877224e-01</td>\n",
       "      <td>-2.110985e-01</td>\n",
       "      <td>-2.725986e-01</td>\n",
       "      <td>-1.442174e-01</td>\n",
       "      <td>-1.084655e-01</td>\n",
       "      <td>3.173816e-01</td>\n",
       "      <td>-2.793234e-01</td>\n",
       "      <td>-5.230014e-01</td>\n",
       "      <td>-4.646726e-01</td>\n",
       "      <td>2.748590e-01</td>\n",
       "      <td>3.811865e-01</td>\n",
       "      <td>-1.812536e-01</td>\n",
       "      <td>21.200000</td>\n",
       "    </tr>\n",
       "    <tr>\n",
       "      <th>75%</th>\n",
       "      <td>7.396560e-03</td>\n",
       "      <td>4.877224e-02</td>\n",
       "      <td>1.015999e+00</td>\n",
       "      <td>-2.725986e-01</td>\n",
       "      <td>5.986790e-01</td>\n",
       "      <td>4.827678e-01</td>\n",
       "      <td>9.067981e-01</td>\n",
       "      <td>6.623709e-01</td>\n",
       "      <td>1.661245e+00</td>\n",
       "      <td>1.530926e+00</td>\n",
       "      <td>8.065758e-01</td>\n",
       "      <td>4.336510e-01</td>\n",
       "      <td>6.030188e-01</td>\n",
       "      <td>25.000000</td>\n",
       "    </tr>\n",
       "    <tr>\n",
       "      <th>max</th>\n",
       "      <td>9.933931e+00</td>\n",
       "      <td>3.804234e+00</td>\n",
       "      <td>2.422565e+00</td>\n",
       "      <td>3.668398e+00</td>\n",
       "      <td>2.732346e+00</td>\n",
       "      <td>3.555044e+00</td>\n",
       "      <td>1.117494e+00</td>\n",
       "      <td>3.960518e+00</td>\n",
       "      <td>1.661245e+00</td>\n",
       "      <td>1.798194e+00</td>\n",
       "      <td>1.638828e+00</td>\n",
       "      <td>4.410519e-01</td>\n",
       "      <td>3.548771e+00</td>\n",
       "      <td>50.000000</td>\n",
       "    </tr>\n",
       "  </tbody>\n",
       "</table>\n",
       "</div>"
      ],
      "text/plain": [
       "               CRIM            ZN         INDUS          CHAS           NOX  \\\n",
       "count  5.060000e+02  5.060000e+02  5.060000e+02  5.060000e+02  5.060000e+02   \n",
       "mean  -8.787437e-17 -6.343191e-16 -2.682911e-15  4.701992e-16  2.490322e-15   \n",
       "std    1.000990e+00  1.000990e+00  1.000990e+00  1.000990e+00  1.000990e+00   \n",
       "min   -4.197819e-01 -4.877224e-01 -1.557842e+00 -2.725986e-01 -1.465882e+00   \n",
       "25%   -4.109696e-01 -4.877224e-01 -8.676906e-01 -2.725986e-01 -9.130288e-01   \n",
       "50%   -3.906665e-01 -4.877224e-01 -2.110985e-01 -2.725986e-01 -1.442174e-01   \n",
       "75%    7.396560e-03  4.877224e-02  1.015999e+00 -2.725986e-01  5.986790e-01   \n",
       "max    9.933931e+00  3.804234e+00  2.422565e+00  3.668398e+00  2.732346e+00   \n",
       "\n",
       "                 RM           AGE           DIS           RAD           TAX  \\\n",
       "count  5.060000e+02  5.060000e+02  5.060000e+02  5.060000e+02  5.060000e+02   \n",
       "mean  -1.145230e-14 -1.407855e-15  9.210902e-16  5.441409e-16 -8.868619e-16   \n",
       "std    1.000990e+00  1.000990e+00  1.000990e+00  1.000990e+00  1.000990e+00   \n",
       "min   -3.880249e+00 -2.335437e+00 -1.267069e+00 -9.828429e-01 -1.313990e+00   \n",
       "25%   -5.686303e-01 -8.374480e-01 -8.056878e-01 -6.379618e-01 -7.675760e-01   \n",
       "50%   -1.084655e-01  3.173816e-01 -2.793234e-01 -5.230014e-01 -4.646726e-01   \n",
       "75%    4.827678e-01  9.067981e-01  6.623709e-01  1.661245e+00  1.530926e+00   \n",
       "max    3.555044e+00  1.117494e+00  3.960518e+00  1.661245e+00  1.798194e+00   \n",
       "\n",
       "            PTRATIO             B         LSTAT        MEDV  \n",
       "count  5.060000e+02  5.060000e+02  5.060000e+02  506.000000  \n",
       "mean  -9.205636e-15  8.163101e-15 -3.370163e-16   22.532806  \n",
       "std    1.000990e+00  1.000990e+00  1.000990e+00    9.197104  \n",
       "min   -2.707379e+00 -3.907193e+00 -1.531127e+00    5.000000  \n",
       "25%   -4.880391e-01  2.050715e-01 -7.994200e-01   17.025000  \n",
       "50%    2.748590e-01  3.811865e-01 -1.812536e-01   21.200000  \n",
       "75%    8.065758e-01  4.336510e-01  6.030188e-01   25.000000  \n",
       "max    1.638828e+00  4.410519e-01  3.548771e+00   50.000000  "
      ]
     },
     "execution_count": 12,
     "metadata": {},
     "output_type": "execute_result"
    }
   ],
   "source": [
    "boston_df_std.describe()"
   ]
  },
  {
   "cell_type": "code",
   "execution_count": 15,
   "id": "f8a363a5",
   "metadata": {},
   "outputs": [],
   "source": [
    "# データを7:3に分割する\n",
    "X = boston_df_std.iloc[:, 0:13].values\n",
    "Y = boston_df_std[\"MEDV\"].values\n",
    "\n",
    "# データを学習用と検証用に分割\n",
    "X_train, X_test, Y_train, Y_test = train_test_split(X, Y, test_size=0.3)"
   ]
  },
  {
   "cell_type": "code",
   "execution_count": 19,
   "id": "71fa0861",
   "metadata": {},
   "outputs": [
    {
     "name": "stdout",
     "output_type": "stream",
     "text": [
      "coefficient: [-0.84677953  1.41623312  0.40553633  0.61902108 -2.48543003  1.96244469\n",
      "  0.10052138 -3.18967316  2.67519835 -1.89922198 -2.17462796  0.58828654\n",
      " -4.05806653]\n",
      "intercept: 22.589670302295595\n"
     ]
    }
   ],
   "source": [
    "lr = LinearRegression()\n",
    "lr.fit(X_train, Y_train)\n",
    "print(\"coefficient:\", lr.coef_)\n",
    "print(\"intercept:\", lr.intercept_)"
   ]
  },
  {
   "cell_type": "code",
   "execution_count": 22,
   "id": "a90fdaf7",
   "metadata": {},
   "outputs": [
    {
     "data": {
